,predictions,labels
0,0,0
1,0,0
2,0,0
3,0,0
4,1,1
5,1,1
6,0,0
7,1,1
8,0,0
9,1,1
10,0,1
11,1,1
12,0,0
13,0,0
14,1,1
15,0,0
16,1,1
17,1,1
18,1,1
19,1,1
20,1,1
21,0,0
22,0,0
23,0,0
24,1,1
25,1,1
26,0,0
27,1,1
28,1,1
29,0,0
30,1,1
31,0,0
32,0,0
33,1,1
34,0,0
35,0,0
36,0,0
37,1,0
38,1,1
39,0,0
40,0,0
41,0,0
42,0,0
43,0,0
44,1,1
45,0,0
46,0,0
47,1,0
48,0,0
49,0,0
50,0,0
51,0,0
52,0,0
53,0,0
54,0,0
55,1,0
56,0,0
57,0,0
58,0,0
59,1,1
60,1,1
61,1,1
62,1,1
63,0,0
64,0,0
65,0,0
66,0,0
67,1,1
68,1,1
69,0,0
70,0,0
71,1,0
72,0,0
73,1,1
74,0,0
75,1,1
76,0,0
77,0,0
78,0,0
79,0,1
80,1,1
81,0,0
82,1,1
83,0,0
84,1,1
85,1,0
86,0,0
87,1,1
88,1,1
89,0,0
90,1,1
91,0,0
92,0,0
93,1,1
94,1,1
95,1,1
96,1,1
97,1,1
98,1,1
99,1,1
100,1,1
101,1,1
102,1,1
103,1,1
104,0,0
105,0,0
106,1,1
107,0,0
108,1,1
109,1,1
110,1,1
111,0,0
112,1,1
113,0,0
114,0,0
115,0,0
116,0,1
117,1,1
118,1,0
119,0,0
120,0,0
121,0,0
122,1,1
123,0,0
124,0,0
125,0,0
126,0,0
127,1,1
128,0,0
129,0,0
130,1,1
131,1,1
132,0,0
133,1,1
134,1,1
135,0,0
136,0,0
137,0,1
138,0,0
139,1,1
140,1,0
141,1,0
142,0,0
143,0,0
144,0,0
145,0,0
146,0,0
147,0,0
148,0,0
149,1,1
150,1,1
151,1,1
152,0,1
153,0,0
154,1,1
155,1,1
156,1,1
157,0,0
158,1,1
159,1,1
160,1,1
161,1,0
162,0,0
163,1,1
164,1,0
165,0,0
166,0,0
167,0,0
168,1,1
169,0,0
170,1,1
171,1,1
172,1,1
173,1,1
174,1,1
175,0,0
176,0,0
177,1,1
178,1,1
179,1,1
180,0,0
181,0,0
182,1,1
183,1,1
184,1,1
185,1,1
186,0,1
187,1,1
188,1,1
189,1,1
190,1,1
191,1,1
192,1,1
193,0,0
194,1,1
195,0,1
196,1,1
197,0,0
198,0,0
199,0,0
200,1,1
201,0,0
202,0,1
203,1,1
204,1,0
205,1,1
206,0,0
207,1,1
208,1,1
209,1,1
210,0,0
211,0,1
212,1,1
213,0,0
214,0,0
215,1,1
216,1,1
217,1,0
218,1,1
219,0,0
220,1,1
221,0,0
222,0,0
223,0,0
224,0,0
225,1,1
226,0,0
227,0,0
228,1,1
229,1,1
230,0,0
231,0,0
232,1,1
233,0,0
234,0,0
235,1,1
236,1,1
237,1,1
238,1,1
239,1,0
240,0,0
241,0,0
242,1,1
243,1,1
244,0,0
245,1,1
246,0,0
247,1,0
248,1,1
249,1,1
250,0,0
251,1,1
252,1,1
253,0,0
254,1,1
255,1,1
256,1,1
257,0,0
258,0,0
259,0,0
260,1,1
261,1,1
262,1,1
263,0,0
264,1,1
265,1,1
266,0,0
267,1,1
268,1,1
269,0,0
270,1,1
271,1,1
272,0,0
273,1,1
274,1,0
275,0,0
276,1,0
277,1,1
278,1,1
279,1,1
280,1,1
281,1,1
282,1,1
283,0,0
284,0,0
285,1,1
286,1,0
287,0,0
288,1,1
289,0,1
290,0,1
291,0,0
292,0,0
293,1,1
294,1,1
295,1,1
296,1,0
297,1,1
298,0,0
299,0,0
300,1,1
301,0,0
302,0,0
303,0,0
304,0,0
305,1,1
306,1,1
307,1,1
308,1,1
309,0,0
310,0,0
311,0,0
312,1,1
313,1,1
314,0,0
315,1,1
316,1,1
317,1,1
318,0,0
319,1,1
320,1,1
321,1,1
322,0,0
323,1,1
324,1,1
325,1,1
326,0,1
327,0,0
328,1,1
329,1,1
330,1,1
331,0,0
332,1,1
333,0,1
334,1,1
335,0,1
336,0,0
337,0,1
338,0,0
339,0,0
340,1,1
341,0,1
342,1,1
343,0,0
344,0,0
345,0,0
346,1,0
347,0,0
348,0,0
349,0,1
350,0,0
351,0,1
352,0,0
353,1,1
354,1,1
355,0,0
356,1,1
357,1,0
358,1,1
359,1,1
360,0,0
361,0,0
362,0,0
363,1,1
364,0,0
365,1,1
366,1,1
367,1,1
368,0,0
369,1,1
370,1,1
371,0,0
372,1,1
373,1,1
374,0,0
375,0,0
376,1,1
377,0,0
378,1,1
379,1,1
380,1,1
381,0,0
382,1,1
383,1,1
384,1,1
385,0,0
386,0,0
387,0,0
388,0,0
389,1,1
390,0,1
391,1,1
392,0,1
393,0,0
394,0,0
395,1,1
396,0,0
397,1,1
398,1,1
399,0,0
400,0,1
401,0,0
402,1,1
403,1,1
404,1,1
405,0,0
406,0,0
407,0,0
408,1,1
409,0,0
410,0,0
411,0,1
412,1,1
413,0,0
414,1,1
415,0,1
416,1,1
417,0,0
418,1,1
419,1,1
420,0,1
421,1,1
422,0,0
423,0,0
424,1,1
425,1,1
426,1,1
427,1,1
428,0,0
429,0,0
430,1,1
431,0,0
432,1,1
433,1,1
434,1,1
435,0,0
436,0,0
437,1,1
438,1,1
439,1,1
440,0,0
441,0,0
442,0,0
443,1,1
444,0,0
445,1,1
446,0,0
447,0,0
448,1,1
449,1,1
450,1,1
451,1,1
452,1,1
453,1,1
454,1,1
455,1,1
456,1,1
457,1,1
458,0,1
459,1,1
460,1,1
461,0,0
462,0,0
463,0,0
464,1,1
465,1,1
466,1,1
467,0,0
468,1,1
469,0,0
470,1,1
471,1,1
472,1,1
473,0,0
474,0,0
475,0,0
476,1,1
477,0,0
478,1,1
479,1,1
480,0,0
481,1,1
482,0,0
483,0,1
484,0,0
485,0,0
486,0,0
487,1,1
488,0,0
489,1,1
490,0,0
491,0,0
492,1,1
493,1,1
494,1,1
495,1,1
496,1,1
497,1,1
498,0,0
499,1,1
500,0,0
501,0,0
502,0,1
503,0,0
504,1,1
505,1,1
506,0,0
507,0,0
508,0,0
509,1,1
510,1,1
511,1,1
512,1,1
513,1,1
514,0,0
515,1,1
516,1,1
517,0,0
518,1,1
519,0,0
520,0,0
521,1,1
522,1,1
523,0,1
524,0,0
525,1,1
526,0,0
527,0,0
528,0,0
529,0,0
530,1,1
531,1,1
532,0,0
533,1,1
534,0,0
535,1,1
536,1,1
537,0,0
538,1,1
539,1,1
540,0,0
541,0,0
542,1,1
543,0,0
544,1,0
545,0,0
546,0,0
547,0,0
548,0,0
549,0,0
550,1,1
551,0,0
552,1,1
553,0,0
554,0,0
555,1,1
556,0,0
557,1,1
558,1,1
559,0,0
560,1,1
561,0,0
562,1,1
563,1,1
564,1,1
565,1,1
566,0,0
567,0,0
568,1,1
569,0,0
570,1,1
571,0,0
572,0,0
573,1,0
574,1,1
575,0,0
576,0,0
577,1,1
578,1,1
579,1,1
580,0,0
581,0,0
582,0,0
583,0,0
584,1,1
585,0,0
586,1,1
587,0,0
588,0,0
589,1,0
590,1,1
591,0,0
592,1,1
593,0,0
594,0,0
595,0,0
596,0,1
597,1,1
598,1,1
599,0,0
600,1,1
601,0,0
602,1,1
603,1,1
604,0,1
605,0,0
606,0,0
607,0,0
608,0,0
609,0,0
610,0,0
611,0,0
612,0,0
613,0,0
614,0,0
615,0,0
616,0,0
617,0,0
618,1,1
619,1,1
620,1,1
621,1,1
622,1,1
623,1,1
624,1,1
625,1,1
626,0,0
627,0,0
628,1,1
629,0,0
630,1,1
631,1,1
632,1,1
633,0,0
634,1,1
635,0,0
636,1,1
637,1,1
638,0,0
639,0,0
640,1,1
641,0,0
642,1,1
643,0,0
644,0,0
645,0,0
646,0,0
647,0,0
648,1,1
649,0,0
650,1,1
651,0,0
652,0,0
653,0,0
654,1,1
655,1,1
656,1,1
657,0,0
658,0,0
659,0,0
660,1,1
661,0,1
662,0,0
663,1,1
664,0,1
665,1,1
666,0,0
667,1,1
668,0,0
669,0,0
670,0,0
671,0,0
672,0,0
673,1,1
674,1,1
675,0,0
676,0,0
677,0,1
678,1,1
679,0,0
680,1,1
681,0,0
682,1,1
683,0,0
684,1,1
685,0,0
686,1,1
687,1,1
688,0,0
689,0,0
690,1,1
691,1,1
692,1,1
693,1,1
694,0,0
695,1,1
696,1,1
697,0,0
698,0,0
699,0,0
700,0,1
701,0,0
702,1,1
703,1,1
704,1,1
705,1,1
706,0,0
707,1,1
708,0,0
709,0,0
710,1,0
711,1,1
712,0,0
713,0,0
714,0,0
715,0,0
716,0,1
717,1,1
718,0,0
719,0,1
720,1,1
721,0,0
722,0,0
723,0,0
724,0,0
725,0,0
726,0,0
727,1,1
728,0,0
729,0,0
730,1,1
731,1,1
732,0,0
733,1,1
734,1,1
735,0,0
736,0,0
737,1,1
738,1,1
739,1,1
740,0,0
741,1,1
742,0,0
743,0,0
744,1,1
745,0,0
746,1,1
747,1,1
748,0,0
749,0,0
750,0,0
751,1,1
752,0,1
753,0,0
754,1,1
755,1,1
756,0,0
757,0,0
758,1,1
759,1,1
760,0,0
761,0,0
762,1,1
763,1,1
764,0,0
765,1,1
766,1,1
767,1,1
768,1,1
769,0,0
770,0,0
771,1,0
772,0,0
773,0,0
774,0,1
775,1,1
776,0,0
777,0,0
778,0,0
779,0,0
780,0,0
781,1,1
782,1,1
783,0,0
784,1,1
785,0,0
786,1,1
787,0,0
788,1,1
789,0,0
790,0,1
791,1,1
792,0,0
793,0,0
794,0,1
795,1,1
796,0,0
797,1,1
798,1,1
799,0,0
800,0,0
801,0,0
802,0,0
803,1,1
804,1,1
805,0,0
806,0,0
807,1,1
808,0,0
809,0,0
810,0,0
811,1,1
812,0,0
813,0,0
814,1,1
815,1,1
816,0,0
817,1,1
818,1,1
819,1,0
820,0,0
821,1,1
822,1,1
823,0,0
824,1,0
825,1,0
826,0,0
827,1,1
828,1,1
829,1,1
830,0,0
831,0,1
832,1,1
833,0,0
834,1,1
835,0,0
836,1,1
837,1,1
838,1,1
839,1,1
840,1,1
841,1,0
842,1,1
843,1,0
844,1,1
845,1,1
846,0,0
847,0,0
848,1,1
849,0,0
850,0,0
851,1,1
852,0,0
853,0,0
854,0,0
855,1,1
856,1,1
857,0,0
858,0,0
859,0,0
860,1,1
861,1,1
862,0,0
863,1,1
864,0,0
865,1,1
866,0,0
867,1,0
868,1,1
869,0,0
870,1,1
871,1,1
